0.0000004 0.00150  1.549e+07  1.505e+02  2.334e+17  0.00000  0.36209  0.62194  8.620e-06 
0.0000009 0.00200  1.549e+07  1.505e+02  2.333e+17  0.00001  0.36213  0.62189  8.624e-06 
0.0000017 0.00250  1.549e+07  1.505e+02  2.333e+17  0.00001  0.36219  0.62183  8.629e-06 
0.0000029 0.00300  1.549e+07  1.504e+02  2.333e+17  0.00002  0.36226  0.62175  8.635e-06 
0.0000046 0.00350  1.549e+07  1.504e+02  2.332e+17  0.00004  0.36236  0.62165  8.643e-06 
0.0000068 0.00400  1.549e+07  1.503e+02  2.332e+17  0.00006  0.36247  0.62154  8.651e-06 
0.0000097 0.00450  1.548e+07  1.503e+02  2.331e+17  0.00008  0.36259  0.62142  8.661e-06 
0.0000133 0.00500  1.548e+07  1.502e+02  2.330e+17  0.00011  0.36273  0.62128  8.672e-06 
0.0000178 0.00550  1.548e+07  1.502e+02  2.329e+17  0.00015  0.36288  0.62113  8.684e-06 
0.0000230 0.00600  1.548e+07  1.501e+02  2.329e+17  0.00019  0.36305  0.62096  8.698e-06 
0.0000293 0.00650  1.548e+07  1.501e+02  2.328e+17  0.00025  0.36323  0.62078  8.712e-06 
0.0000366 0.00700  1.548e+07  1.500e+02  2.327e+17  0.00031  0.36343  0.62058  8.728e-06 
0.0000450 0.00750  1.547e+07  1.499e+02  2.325e+17  0.00038  0.36364  0.62037  8.745e-06 
0.0000545 0.00800  1.547e+07  1.498e+02  2.324e+17  0.00046  0.36387  0.62014  8.763e-06 
